Συ

Σύ pronomen 1111111111 1111111111 personne, 111. 1101111111. 1. 8111·

91111111 nominativae σύ Phil. 21. 10. 72. 115. 123. 215. 218. 275. 322. , ’

111. 11111. 111. 111. 111. 111. 111. 1111111111. 111. 1111. 1111.
1111. 1111. 1111. 111111. nn 1111 m. 11111111. 1111. 1111. 1111. ’
1111. 1111. 111111. 1111. 1111. 1111. 111. n. 78. 111111. 111. 111.
mmmmmmmmmmmmmm
11. 111. 111. 111. 111. 111. 111. 111. 111. 1111. 1111. 1111. 1111.

1111. 1111. 1111. 1111 m. 1111 nn. 1111. 111111111111 nn. 111 ‘

111. 232111. 283. 180. 508. 521111. 509 571. 577. 588. 710 111. 750.
785. 705. 855. 815. 813. 825. 807. 880. 033. 011. 093. 1001. 1012.
153515151512. 1125. 1130. 1157. 1107. 1211. 1280. 1331. 1337. 1338.
13121301. 1385. 1385. 1113. 1535. 1583. Ani. 15. 85. 235. 329. 155.
115. 112. 157. 501. 500. 527. 530. 512. 515. 551. 553. 555. 509. 031.
081. 081. 11 ex 111111. Hemin3 vulgo 111, 1111111111 ex Aug. 11 11. enni,
quod 111111 1111111111. snpra scripto 1 11111111.φ111. 087. 702. 735.
111. 111 en. 111 en. 111. 1111. 1111. 1111. 1111111111111111111 “·
111. ei. 111. 101. 510. 571. 589. 503 111. 000. 811. 832. 1075.
1070. loannis. 1110. 1121. 1137. 1213. 1218. 1280. 13251330. 1311.
1377. 1388. 111. 15. 20. 30. 55. 09. 215. 287. 320. 331. 333. 319. 357.
302. 380. 389. 391. 110. 150. 572. 011 bis. 021 mes. 781. 785. 803.
870. 800. 030. 1527. 1020. 1539107115. 1135. 1113. 1150. 1189. 1200.
1213. 1351. 1317. 1301. 1102. 1101. De 1111111111 commemorandum
· 11111 exemplum 7111111311, 1111111ρό111110111111111101111711111.

πος Διὸς κατασιράπτοηος 0111111111 inre correxit ex 1111 codd. B. i'.

*et 111. Turn. Optimi libri ineptissimam scripturam tuentur, σύ. -
11111. 1. 2 (201).) 8111111511150111. 1111..1111.1’(1001).). Epig.
11. 1 (1051),). lpiiig. 111. l (203 9.). Polyx. 1. l (108 ln). Scyt. 11. l
(157 5.). ine. XLV. 1 (703 9.). 11111. l (725 9.). 1111111. 1 (727 1.).-
6111111111111111 11111 σοῦ Ρ1111. 115 525. 550 (notium). 801. 007. 1512.
1017. 1019. 1555. 1310. 0111.11.319.358.378.127. 522. 510. 590.
077. 1150. 1030. 1118. 1131. 0111011. 250111. 291. 189. 571. 810 eh. ·
985. 1103. 1310. 1317. 1303. 1021. Ant. 101. 511. 031. 097. 737. 715.
1000. 111. 00. eod. Aug. 1111111111 1111111111. 1511111513. 580. 853.
807. 1252 m. 12951100. 111111. 100. 571. 789. 007 m. 008 111. σου 11

115111; 11111111113111111111111210..11. 150 111. 100 en. 380. 500. 515. 511.’ Ι

989. 1502. 1593. 1212. 1215. 1211. 1217. ine. inii. 2 (7271),).-
Praeterea libri 11111111 οὗ γάρ με μοῖρα πρός 77 σοῦ πεσεῖν Oed. 11. mn,
piene alienum 1 nense. Correxit 1111111111 111 γάρ σε μοῖρα unies
ἐμοῦ, et 1111111111 emendationem 11111111111111. - 1111 inclinatum Phii.

751. 780, 1111111111.1111.1111, Hermoni, 11111111, idque 1111111·

 

