Συ 713

55. ne. 553. 555 555. 555. rore 5555555155555. ern. 5555. nn
555. 555. 555. 555. 555. 555. 555. 555. 5555. rin. 5555. 5. 5 (roe
1).). Synd. vul. 1. (153 D.) nisi scribendum 55, quod 515555 nobie r.
deriv- 155.1’1.1.1(1,001).1.- 1555550555 51 accentu 55515 Phir. 70.
555 cn. 555. 555. 555. nro. 555. 555. 555. 5555. 5555 cn. 5555. 1381.
rmwnnmmmmmwnmnffln

1119. 0551. (151. 255. 258. 390. 023. 011. 158811. 812 810. 080. 1131. -

11931119. 1551551503 515. 1511515. 1110 nr. 151. 311 an. 1311515.
720. 721. 801 515. 1113 515. 1321 ni. 1322 nr. El. mm. 329. 512. 801.
012. 1131155. Trnch. 115. 131 515. 281. 320. 368. ni. 71. 130 an. 131
an. 113 en. 210 an. 352 55. bis. 812. 813. 091. 1020. 1083. 1120. 1205.
1201 515. 1312. - σε inclinato tenore 111. 39. 2835 309. 333. 311. 120.
501. 513. 510. 551. 535. 581. 012. 018. 050. 180. 908. 031. 015. 1000.
1010. 1023. 1031. 1082515. 11191121. 1111. 1118. 118,·1.1190.1211.Ι
1251 555. 1258 55. 1203. 1288. 1290. 1301. 130013321351. 13001111.
1195. Phil. 50. 51. 50. 00. 10. 101. 230. 312. 319. 301515. 133. ren,
100. 183. 510. 551. 583. 500. 012. 001. 800. 810 515., red ibi 55 Here
55555555, probabili quidem correctione invexit. 858. 810. 815. 888. 901.
1113. 920. 011. 980. 1051. 1011 nr. 111355. 1181515. 1198 m. 1225. 1211. ι
5555. 5555. 5555 5545. 5555. ner. 5555. 5555 oen. 5. rr. 555 cn.
303. 323. 321. 302. 310. 111. 133. 138. 112. 510. 023. 020. 011. 051515.
601 515. 110. 830. 1020. 1031. 1011. 1008515115. 1101515. 1122. 1100. ¹
1211 eh. 121155. 1515. 1299 nn. 1301 5513201328. 1318. 1307. 1118.
0551. coreo. 113 515. 110 m. 250 55. 350. 305. 100. 105108. 501.
002. 011715. 110. 151. 801. 818. 859. 801. 811. 023. 031. 005. 090.
9111. 1030. 1032. 1015. 1131. 1130. 1181. 1101. 1328. 133513111312.
1302. 1110. 1122. 1112. 1102. 1501. 1512. 1107 m. 151018. 319..
518· 019. 139. 151. 183 515. 805. 001. 1001. 1138. 11101215. 1301555.
015. 155515. 120 515. 180. 302. 103. 130. 125. 128. 731. 710. 795. 805.
11001105. 1101. 1211. 11. 1.3. 1. 11. 83. 02. 102. 112. 112515. 301.
123 181. 503. 521. 531. 518. 553. 551. 581. 028515. 812. 818. 003. 020.
10031000. 1151. 1150. 1301. 1313. 1321. 1300. 1312. 55155511
(u D.). 11555. 121950). 11. 21555. 11., nee 5555 auctorem certum
hebenini 555555, n Valckenario 01515. p. 150. Alcmaeoni Sophocli ad·
minti). 155. (ἷΙ. 1 (022 0., qni iure 551 Phthiotides 15551555 retulit).
Ceterum in recensendis 55511 arcentur exemplis ee 511555 retulimus, in
quibus pronomen 15555555 gerit inclinatae roeir insequentis3 qnod 5151
nature 51 significatio pronominis plerumque 11551 patirur, esttamen, ubi
per ee inclinandum 15551, velut El. 021. Deinde in quidue 555155 ne·
5551555 1551155515, inclinatus 55515 murari 5551555551, 5551 etiem deberet .

 

