ΧΙΧ

Ag. 217. 81111718. - 11111 1111. 11111. 11111. 1078. 11101287. 0111111.
1720. {flac Phoen. 200. 1010. 1001. 111. 427. 001. 808. 11111. ’111111
430. 111111. 078. 11111111. 111. 1212. 11111 11111. 1110. 11111111. 107. 420.
111. 080. 11111111103. 1008. 1111111. 078. 830. 11111. Τ1111. 1280. Τ111111. 180.
020. 1110181110720. 11111911 Med· 1121. 11111. Τ. 1218. 11111111 Herc.
1. 877. 1111111 1021. 11111811811111111112. 1111111111 1110. 11111. 187

111. 111.). 111111. 44. &aava 11111. 11111111. 11111111 1111111. 008. Andr. 111. ’

¹ 1111111 11111. 1. 787. 11111. 1180. 11411111 11111. Aul. 130 (111.). 1111141111 Here.
1481. tulate 111111. 448. 11111111 11111111. 111111 111. 1210. 1111. 218.
m. 11111 810. 1111111110. 111. 000. 1111117118. 81711111111110111 ¹
1111111 1101111011100111111, nunquam 81111111 τλᾶθι et 111101, nunquam
slim. 11111111 ent, 1111111 passivorum 111 mediorum inclinamenta 111
ἶίιιῖαἷωηωπηωη 2111111111 hic 1111111 1111111111111011111111111111.
Modico 11 111111101181111 1111 Aeschylus 11 Sophocles, 11111 ratione 11
1111111 , 1111111111 in 1111111111 1111118181 genere 111111μί1111. 11111811118111111, ,
Phil. 801, 11111 11111. 1111100111. 1111111111 1100. 01111111 0111. 11. 004.
1181111111 1217. 11. 18111111,1.1111. 11110111111 0111. 011. 200. 1111κὸ11111
1111111101). 111111τὸ11111λί. 078. 0111111111 1111119. 1111111111 11.
1108. 11811111 111. 1270, 11011101111111 81111. Γ. 1011111111 011111.
m, D, yerolpoev 01111111. 428. 811111. 81111111. 087.4 700. Promo 007., 11111
111181101101011, 1111111111, 1 1111111111 neglectum miror. 11111. 1110.
m 111111. 220 (1111),). 721. Andr. 707. 11111111 1111111 Sept. 223. 0111111.
2. η’. quod recipere consentaneum 1111 1111111111111 1111111111 amicum.
1111111111 111111. 81111111. 080. 1111111111 701. 0111111111. 432. Med. 07.
81111111. 7118. sod 111111 01111111 1111111111111111. Η11111.1810., (1111111111
colloquio. 1111611111110111111. 1181. 11161111 Eum. 834. 1111151111 ,
Pers. 807. vulgatur 111, quod 1111111111111 non retinuisse 1111111111 111
1111111101, quanquam 11111. 1111111. 1111. 1111111. vit 1111111111 1111111111.
1111.«11111.111.111, ubi 111111 1111111. ἦ. 111. 110. 01101111 1111111. 002.
111ῥ118μιζό11111 m 1111111111111 1111111. 1471111111. 1111111111 1111111.
m. 0111111111 1111111111. mutamur 210. Pu. Δ. 1111 “omnim
238 (111. 111.). Flot. 1οδἤ. 1111111111 111.410.111111.110. 010111181111.
100. 11111. 1111881. 1111111111 111111017. 1111211111 81111111. 01. zama
μαι ab. 1100111111111. 1111. 210. 284. 288. κατειδόμαν 204. 1111811111

047. 01011111 1111111. 020. 11111. Τ. 101 (an. 111.). 1111161111 1111112117.
* 11111110111170001 11011161 1100101070110111111111 11111330.. 0111111111 11101
11111111111111.140(11. 111.). 100 (111.). 1111011111 221. 11111111 404.
1111101111 ΕΙ. 1211. κατηρξάμαν 1223. 1111111011111220.

111 11111110 nutem 1111111 8111111111 1111111111,11111 111111 in ’1111111101

 

