ΧΧΧ.

11111. 111181. 1111111 Med. 148 (11.1.) 418. 881. 111111. 1378 (111.).
411111. 772. Bacch. 74. 11111. 1181. βάκχα 1111111. 1488. 1111111. 188.
βάκχαν 1111111888. 81111111111111. 122. βροντᾷ 889, signantia 1111111. 84.
,11 Troici. 111. 111. 111. 111....111. 1111111.. 1111111. 11111111
1111111. 301. 878. 1381. 111111. 11111. 1111111111. 1888. 01. 1411111131
(11.) 138. (ii), ubi quidam codd. η’ et 113 1283. ’1111111148 1111. 878.

· 111. 11781218. ·- 11111111 «411111. 478 11.178.(111.)1 1111111111ἵ11ί

11111. 11111. 488. 11111111 1111111. 238. 111.); quatuor 11111111. 11111. 11111
138 (111.). 888. 11111111 11111811. 11111118. 11111111 fflpp. 248 (m).
quinque 11111111. 1111111888. 111111111187. rime 111111. 888. 76
1111838. ceterum 8111111111111111111111111, 1111111 1111111111111111111111
pia 111111, 111 11111111 11111 1111811111. 1111111111101. 188. 11111111). ᾗ
11111111 11111. ’1. 1070. 111111. 804. 1111111. 748. ex 811111111111111111111,
libri enim 141111κᾶ1. 711111111111. 1487. 11111111 ’1111111288 γαμουμένα
313. γειναμένα 824. 10181 1288. Mod. 1248. γοργοφόια 1111. 1188. -1
δυστανοτάτας 1111. 1881111. 1.). 111. η’ςῗ δάφνα 488. 1111111 1111. 113. 811
(11.1). oiim 1111111. 287. 11111. Τ1111. 1212. 1111111111. 1111111 Heu·
478. 11111181 11111111 1111111. 208. Andr. 842. Ι’111111 1481881111. 1.).
214. 1111111111811 1111111111.11111111181111111. Mn
1111. 701. 811111. 1728, 1111111111111Ι 11111. 418, ubi 1111111811 11
11111111 1111111111 111111111111111111. 8111111814. 111111. 188. 1111111848.
087. 111. 1188. tiliae 01. 1347. Andr. 773. 11118. 284 (111. 1.). 111118.
988. 1111111. 822. 111. 748. 111111 1111. 1⁰⁰6. 1111 ibi codd. 8111, (111),
01. 187. 1111111111... itm 01. 313. Andr. 787. 811111. 318. 814.
111.]183. ‘iveti-lm 01. 1371. 811111111114381111111111. 431. 81111111
1111. Τ1111. 174 (11. 1.). 111. 888. 1082. 1103. dim 8111111811.. 181
duo 801111.ῃῖ 1911. Τ1111.833., 111118180181811. 811181111111ἆ114. &lm
111. 1224. 8111111811111888. 1281. 111. 147. 481. 811118111111. Aul.
1482. worp 111. 1088. 1111111111. 383.. 111111111111111111111111111. 8111
recle in Phrygis monodia 11 11111111 011111 1111111 scribitur 11 similit.
811111 1111111. 788. 11111111. 848. 1111181 11111. Taur- 845· 111νᾷ 1111111.
111, 11... 1111111. 111. 111... 1, 111. 1111111111111. 111.... 111,
11111111 1111111. 238. 8111111111 Med. 181 (111.). δαμαλιζομένα Hipp. 230
(111. 1.). 11111111111111111. 138. 8111.Δ.”1,“1.81111’1μ111478. 8111111111,-
1111111111428. &medopam ’111111 181 (11. 1.). 1111. 88 (111.). Musti
11111111. 811111111111111111.182. 11111 Τ11111,212. 8111111111 277, δόξᾳ
1111111. 844. ianime 848. 1111111111 1111. 244. δόρκαν 11111. 1. 373. -·
emmim 111. 1221. 11111 1111. 81 (111.). 1111. 888. 11111 1111. 83. 1082.
011181. 11111184. 11111. Τ1111.178(111.1.). Bacch. 838. 1111111. 388.

 

